      1 9.999959446706173
      1 9.99992363764933
      1 9.999921145840457
      1 9.999913672074953
      1 9.999895427916897
      1 9.999886723996731
      1 9.999859990913787
      1 9.999857639376492
      1 9.999847321344145
      1 9.999844429094527
      1 9.999844146898463
      1 9.999819583834963
      1 9.99981861419232
      1 9.999813198385056
      1 9.999780979663765
      1 9.999777489300513
      1 9.999776776227604
      1 9.9997692358339
      1 9.999760646390131
      1 9.999759225231236
      1 9.99974991904798
      1 9.99969900023388
      1 9.999682142288554
      1 9.999676458979991
      1 9.999648536031653
      1 9.999609409011978
      1 9.99960745975154
      1 9.99959898192113
      1 9.999585814126274
      1 9.999483296890343
      1 9.999474994460263
      1 9.999467512850057
      1 9.999467031499053
      1 9.99944495714614
      1 9.999432631203897
      1 9.999399513262636
      1 9.999375498444369
      1 9.999324897451107
      1 9.999317980142443
      1 9.999260840796104
      1 9.999246424115777
      1 9.999229798495666
      1 9.999225612140624
      1 9.999186532975472
      1 9.999157041196748
      1 9.999123993389158
      1 9.999117900995344
      1 9.999103452525382
      1 9.999094571207518
      1 9.999085305557477
      1 9.999076482919634
      1 9.999068986292578
      1 9.999053270285783
      1 9.999040268213976
      1 9.999033289784991
      1 9.998996641940495
      1 9.99895586516179
      1 9.99895537639993
      1 9.998951380987876
      1 9.998946185580195
      1 9.99892990118811
      1 9.998929034058683
      1 9.998910582560187
      1 9.99888770588154
      1 9.998882673129394
      1 9.998838157227713
      1 9.998833303385574
      1 9.998799075517802
      1 9.998783877729027
      1 9.99877873888539
      1 9.998777468434051
      1 9.998740465153839
      1 9.998733707355957
      1 9.998733152546977
      1 9.998717831489092
      1 9.998714364884318
      1 9.99870052688346
      1 9.998657720371817
      1 9.99864972245264
      1 9.998647723804472
      1 9.998640326031227
      1 9.998632330707668
      1 9.998609681839683
      1 9.998567421751641
      1 9.99854305945242
      1 9.998539223092596
      1 9.998533975221386
      1 9.998503628667608
      1 9.998489870028603
      1 9.998462757321336
      1 9.99843676502387
      1 9.998375388541882
      1 9.998352660914664
      1 9.998320994748434
      1 9.998314499870563
      1 9.99830159014764
      1 9.998290864636123
      1 9.998278486158537
      1 9.998276912949835
      1 9.99825689813267
