      1 99.99996653305277
      1 99.99990375437308
      1 99.99984269103182
      1 99.99972720710896
      1 99.99967190071851
      1 99.99966735210528
      1 99.99944792708335
      1 99.99937490426504
      1 99.99926108187618
      1 99.99904509553811
      1 99.99901953086949
      1 99.99878857556524
      1 99.9985700585354
      1 99.99844008105394
      1 99.9983400469498
      1 99.99832561820627
      1 99.9981098117392
      1 99.99798852288099
      1 99.99788632839741
      1 99.99784717596351
      1 99.99773020109436
      1 99.99753094289629
      1 99.99747646976856
      1 99.99743111861014
      1 99.99713853865768
      1 99.99711485584469
      1 99.99698234845644
      1 99.99693930210043
      1 99.99668453974778
      1 99.99660375453037
      1 99.99615602780771
      1 99.99604276023152
      1 99.99597455474394
      1 99.99573596946544
      1 99.99543061014492
      1 99.99533380546706
      1 99.99521869812644
      1 99.99501088851015
      1 99.994799541233
      1 99.99352755891924
      1 99.9927176309585
      1 99.991637897483
      1 99.99156532942615
      1 99.99140376447927
      1 99.991188728546
      1 99.99061723758557
      1 99.99048294674824
      1 99.99025643081345
      1 99.99012286884657
      1 99.98995250221523
      1 99.9899260625746
      1 99.9898803435941
      1 99.98981640781862
      1 99.9896780286584
      1 99.98941992984119
      1 99.98852543286637
      1 99.98845453660124
      1 99.98837932528029
      1 99.987694346374
      1 99.9873774392028
      1 99.9872504596916
      1 99.98713278678616
      1 99.9869559675765
      1 99.98683704300737
      1 99.98673792950434
      1 99.98653009030339
      1 99.98649239444536
      1 99.98621045042576
      1 99.98614850112878
      1 99.98572758695288
      1 99.98566488600504
      1 99.98564090512936
      1 99.98520709712541
      1 99.98493174454872
      1 99.98487342733118
      1 99.98447065144852
      1 99.98428804559128
      1 99.9842215186688
      1 99.9841276437043
      1 99.98388493122944
      1 99.98380810096714
      1 99.98360468680728
      1 99.98345411223507
      1 99.98341348063215
      1 99.98290069776102
      1 99.98275540275853
      1 99.98268133401932
      1 99.98228263618715
      1 99.98218329967793
      1 99.98163198454071
      1 99.9815891154232
      1 99.98142590290544
      1 99.98140035825355
      1 99.98108851061376
      1 99.98099512156656
      1 99.98081394138285
      1 99.9808026892187
      1 99.98057396310485
      1 99.98041321239222
      1 99.98036442121081
